184
985
993
353
329
337
345
369
361
182305689
378
1057
677
1011
1002
1027
1018
402
394
409
385
425
533
312782574
312782628
39
48
972
44
723
731
746
104
111
119
894
879
886
312782546
417
541
922
895
507
151
159
589
814
961
619
639
647
788
566
382
423
463
726
982
19
918
926
843
1037
1084
502
583
952
966
131
295
319
780
672
56
998
754
250
258
266
310
333
23
292
536
1105
403
1022
1031
342
298
564
596
581
351
287
629
685
718
725
733
741
414
422
609
1044
475
170
218
1020
1029
325
255
127
64
1120
1113
155
59
362
366
1077
149
15
181
189
599
907
575
930
262
27
178
321
483
186
390
332
38
30
118
223
72
263
272
830
452
523
763
914
1109
126
133
347
286
338
689
88
210
491
525
1126
1
515
980
1004
63
693
946
194
226
356
364
173
470
614
797
302
4
580
271
874
460
381
749
246
128
294
795
215
531
628
634
706
1061
616
214
35
975
115
757
231
66
374
1052
12
100
197
591
872
612
7
867
398
280
880
898
931
1093
318
534
574
621
679
147
162
604
146
238
350
358
207
96
101
711
1039
903
642
651
429
437
445
653
661
576
135
839
1048
372
83
136
106
203
235
307
1098
1107
852
859
970
978
177
169
1069
209
202
225
217
765
773
781
206
230
222
912
920
928
936
944
951
957
968
1007
1017
1025
1033
1041
1049
989
91
846