23
39
48
56
64
88
104
111
119
135
1096
1104
1017
151
159
215
223
1011
1002
1018
255
295
319
351
382
423
463
536
920
575
583
591
599
639
647
672
679
928
616
96
726
830
846
814
872
895
918
926
952
966
1049
989
184
998
1022
1031
1048
1057
1105
811
820
828
44
59
83
91
100
136
131
209
155
170
178
186
194
218
226
235
250
258
266
298
307
362
1098
1107
403
452
1072
1088
1079
483
491
507
985
993
515
523
531
128
564
202
596
604
612
619
968
628
634
651
723
731
746
754
780
788
795
843
852
867
898
922
930
1041
931
970
978
946
961
972
980
1020
1029
1037
1044
1052
1084
1025
1093
146
169
7
15
22
38
149
126
133
951
173
181
189
206
214
246
894
879
886
262
347
294
302
310
342
1007
366
374
381
398
609
414
422
225
429
437
445
329
337
345
353
361
369
378
470
525
534
217
541
566
574
581
589
614
621
629
101
661
677
402
394
409
385
425
533
685
693
718
733
741
749
773
